samplePortrait3.jpg,300,360,510,510
samplePortrait1.jpg,336,432,426,426
samplePortrait2.jpg,240,420,510,510
samplePortrait4.jpg,300,360,510,510
4e69358525a0f65887000012-full.jpg,789.75,1093.5,498.15000000000003,498.15000000000003
4e6a1d7725a0f659c800001b-full.jpg,765.45,680.4,716.85,716.85
4e68ed5925a0f653d2000021-full.jpg,826.2,291.6,413.1,413.1
4e6937c125a0f6597f000000-full.jpg,729,1239.3,595.35,595.35
4e6912b525a0f653d200007c-full.jpg,801.9,1312.2,595.35,595.35
4e6676810f2e4251b2000006-full.jpg,255.15,1360.8,716.85,716.85
4e69386325a0f6597f000004-full.jpg,947.7,1458,595.35,595.35
4e669d720f2e4251b100000c-full.jpg,1202.8500000000001,255.15,340.2,340.2
4e6677720f2e4251b3000005-full.jpg,255.15,1701,716.85,716.85
4e6a1c7225a0f659c8000019-full.jpg,729,729,595.35,595.35
4e68eac625a0f653d200001b-full.jpg,789.75,850.5,498.15000000000003,498.15000000000003
4e669d2f0f2e4251b4000008-full.jpg,972,1555.2,243,243